##FastQC	0.11.9
>>Basic Statistics	pass
#Measure	Value
Filename	SRR18106304.fastq
File type	Conventional base calls
Encoding	Sanger / Illumina 1.9
Total Sequences	14651781
Sequences flagged as poor quality	0
Sequence length	150
%GC	50
>>END_MODULE
>>Per base sequence quality	pass
#Base	Mean	Median	Lower Quartile	Upper Quartile	10th Percentile	90th Percentile
1	35.13350779676546	37.0	37.0	37.0	37.0	37.0
2	36.06540822579863	37.0	37.0	37.0	37.0	37.0
3	36.29366197870416	37.0	37.0	37.0	37.0	37.0
4	36.373113957955006	37.0	37.0	37.0	37.0	37.0
5	36.40440114413394	37.0	37.0	37.0	37.0	37.0
6	36.44111797739811	37.0	37.0	37.0	37.0	37.0
7	36.44450998823965	37.0	37.0	37.0	37.0	37.0
8	36.45852296045102	37.0	37.0	37.0	37.0	37.0
9	36.46130699059725	37.0	37.0	37.0	37.0	37.0
10-14	36.45838412408703	37.0	37.0	37.0	37.0	37.0
15-19	36.41621794647354	37.0	37.0	37.0	37.0	37.0
20-24	36.399482233593304	37.0	37.0	37.0	37.0	37.0
25-29	36.350315801198505	37.0	37.0	37.0	37.0	37.0
30-34	36.308898788481756	37.0	37.0	37.0	37.0	37.0
35-39	36.28990070217402	37.0	37.0	37.0	37.0	37.0
40-44	36.332116825933994	37.0	37.0	37.0	37.0	37.0
45-49	36.32173377420806	37.0	37.0	37.0	37.0	37.0
50-54	36.30810126086378	37.0	37.0	37.0	37.0	37.0
55-59	36.31912667818335	37.0	37.0	37.0	37.0	37.0
60-64	36.303788379037336	37.0	37.0	37.0	37.0	37.0
65-69	36.25604174673373	37.0	37.0	37.0	37.0	37.0
70-74	36.23869028618433	37.0	37.0	37.0	37.0	37.0
75-79	36.21175867971273	37.0	37.0	37.0	37.0	37.0
80-84	36.232421451016776	37.0	37.0	37.0	37.0	37.0
85-89	36.189200248079054	37.0	37.0	37.0	37.0	37.0
90-94	36.16574091572895	37.0	37.0	37.0	37.0	37.0
95-99	36.16076100236551	37.0	37.0	37.0	37.0	37.0
100-104	36.14607137521371	37.0	37.0	37.0	37.0	37.0
105-109	36.129291039771886	37.0	37.0	37.0	37.0	37.0
110-114	36.10690330411026	37.0	37.0	37.0	37.0	37.0
115-119	36.037206889728964	37.0	37.0	37.0	37.0	37.0
120-124	36.02885260160522	37.0	37.0	37.0	37.0	37.0
125-129	36.035763392859884	37.0	37.0	37.0	37.0	37.0
130-134	35.96884002019959	37.0	37.0	37.0	37.0	37.0
135-139	35.96248499755763	37.0	37.0	37.0	37.0	37.0
140-144	35.91871887793027	37.0	37.0	37.0	37.0	37.0
145-149	35.90693646048901	37.0	37.0	37.0	37.0	37.0
150	35.926811013623535	37.0	37.0	37.0	37.0	37.0
>>END_MODULE
>>Per sequence quality scores	pass
#Quality	Count
14	1.0
15	3.0
16	15.0
17	18.0
18	51.0
19	97.0
20	192.0
21	455.0
22	982.0
23	2021.0
24	4179.0
25	8521.0
26	16077.0
27	29626.0
28	60632.0
29	77476.0
30	94621.0
31	134910.0
32	191863.0
33	280789.0
34	466395.0
35	1206405.0
36	1.0997466E7
37	1078986.0
>>END_MODULE
>>Per base sequence content	warn
#Base	G	A	T	C
1	27.94704908294297	29.1791618945288	18.865929635835325	24.007859386692907
2	25.842408316518988	27.379489538902973	25.673158703860068	21.104943440717967
3	22.548272167825196	25.499697781673113	27.273335401592014	24.678694648909676
4	25.374533905778122	24.598977418352632	25.515686264874198	24.510802410995048
5	24.789393182484137	25.647205194992058	24.994063496121974	24.569338126401835
6	24.360670497945698	24.334468720920565	25.474283559876216	25.83057722125752
7	26.266888646506526	25.314983891719372	24.883159255519857	23.53496820625424
8	23.736386743438747	24.163301745390807	26.110219259089384	25.990092252081066
9	25.19632937456545	24.31255285620226	25.09479905548684	25.396318713745448
10-14	25.14076665081264	24.90773798843186	24.770371310326617	25.18112405042888
15-19	25.142787696386815	24.76137272135427	24.849229256652343	25.24661032560657
20-24	25.26564654494904	24.617900035497392	24.730279547585376	25.386173871968193
25-29	25.415358148923247	24.56750662967763	24.577726609173787	25.43940861222534
30-34	25.522906731288504	24.4607313714172	24.46097298121331	25.555388916080986
35-39	25.49715678234874	24.46016258492628	24.514169270807585	25.5285113619174
40-44	25.561469939557018	24.514468056078403	24.407249825551354	25.516812178813225
45-49	25.599898523873616	24.43130746083608	24.403283530584748	25.565510484705555
50-54	25.525304246495296	24.457035306158875	24.4478291757364	25.569831271609434
55-59	25.578304316997176	24.484386748858782	24.40403969808532	25.533269236058725
60-64	25.599319829758144	24.437671286449707	24.374272179756705	25.58873670403544
65-69	25.534525654915203	24.449145986993255	24.441620957461268	25.574707400630274
70-74	25.580080374210517	24.517424170176856	24.37334598004191	25.529149475570712
75-79	25.592511470406876	24.450593973824052	24.362479736956978	25.594414818812094
80-84	25.535235442933264	24.47017346098938	24.437658611415262	25.556932484662088
85-89	25.57381246140269	24.52086826600696	24.369594883117664	25.53572438947268
90-94	25.60116328914973	24.45077326175415	24.368939973206974	25.579123475889144
95-99	25.526517928702532	24.470482218277283	24.438509291530636	25.564490561489546
100-104	25.55858268873006	24.532435029443107	24.391610808682323	25.51737147314451
105-109	25.58857135334073	24.454345848430947	24.37285437890936	25.584228419318965
110-114	25.523825771724706	24.489512326805308	24.4219744179736	25.564687483496385
115-119	25.587636115674844	24.51578131156084	24.376096902248253	25.520485670516063
120-124	25.59204458534498	24.45910017683618	24.374762080048225	25.574093157770612
125-129	25.541742312342784	24.480722806086472	24.413769255462178	25.563765626108566
130-134	25.585837301076214	24.524972834450796	24.36296196156321	25.52622790290978
135-139	25.599198237865718	24.4653060820709	24.347008537011742	25.588487143051637
140-144	25.55222718941959	24.480455713989173	24.409043289788574	25.55827380680266
145-149	25.586458342632202	24.520778789551038	24.35273542076509	25.54002744705167
150	25.511328622779715	24.31242317913433	24.435247837788456	25.741000360297495
>>END_MODULE
>>Per sequence GC content	warn
#GC Content	Count
0	209.0
1	126.5
2	42.0
3	36.0
4	27.5
5	25.0
6	23.0
7	20.5
8	17.5
9	15.0
10	21.5
11	26.0
12	32.5
13	70.0
14	107.5
15	214.5
16	427.5
17	715.5
18	1084.5
19	1733.5
20	2621.0
21	3858.5
22	5335.0
23	7630.0
24	10435.0
25	13494.0
26	17711.0
27	22612.0
28	28966.5
29	36503.0
30	43986.5
31	51605.5
32	59601.0
33	69119.5
34	80541.0
35	92867.5
36	105774.5
37	119004.5
38	134904.0
39	155596.0
40	182295.0
41	213109.5
42	248311.0
43	291154.5
44	340778.0
45	397620.5
46	461971.5
47	533011.5
48	612431.0
49	694747.0
50	771182.5
51	842656.0
52	896171.0
53	924849.0
54	927476.0
55	895094.5
56	829432.0
57	739653.5
58	639458.0
59	536232.5
60	433713.5
61	339182.0
62	255558.5
63	186315.0
64	132596.0
65	91301.0
66	61317.0
67	39352.0
68	24501.5
69	15544.5
70	10088.5
71	6327.5
72	3940.0
73	2592.5
74	1566.0
75	846.5
76	547.5
77	461.0
78	401.5
79	328.5
80	227.0
81	125.0
82	90.0
83	59.5
84	35.0
85	26.5
86	19.0
87	13.5
88	8.5
89	4.0
90	3.0
91	3.0
92	2.0
93	2.0
94	2.0
95	0.5
96	0.0
97	1.5
98	3.5
99	2.5
100	1.0
>>END_MODULE
>>Per base N content	pass
#Base	N-Count
1	2.6868474214841185
2	0.1495381346472487
3	0.012121393296828556
4	0.001617550794678135
5	0.00615624817215054
6	7.029862103453498E-4
7	0.0
8	0.004238392588587012
9	0.0
10-14	0.001315880984025082
15-19	0.047753921519847996
20-24	0.0
25-29	6.019745995384452E-4
30-34	3.903962255510098E-4
35-39	0.05233629959388555
40-44	0.04825351948681188
45-49	0.0488281936509971
50-54	0.04908345272154968
55-59	6.279100131240019E-4
60-64	0.001057891869937177
65-69	0.04996116171815562
70-74	0.04936464720568783
75-79	0.098409879317743
80-84	9.555152373626113E-5
85-89	0.049831484650227846
90-94	0.05032698755188874
95-99	0.09826245696683564
100-104	0.052616129056256025
105-109	0.04984649988967212
110-114	0.04958305068851357
115-119	0.14977701345658934
120-124	0.09899820369960485
125-129	0.049823294519621884
130-134	0.09890811226293923
135-139	0.09979537641191881
140-144	0.1509290918284951
145-149	0.14924601998896925
150	0.0
>>END_MODULE
>>Sequence Length Distribution	pass
#Length	Count
150	1.4651781E7
>>END_MODULE
>>Sequence Duplication Levels	fail
#Total Deduplicated Percentage	48.84397275026202
#Duplication Level	Percentage of deduplicated	Percentage of total
1	48.811013361096514	23.841238065220736
2	24.23331737325669	23.67302986855602
3	13.503207335837427	19.78650873458345
4	6.963241522342028	13.604495166830684
5	3.43066856118325	8.378374085880765
6	1.5913239441151887	4.663595001792106
7	0.7523687849227199	2.5724076300239154
8	0.3349356066205215	1.3087668514292188
9	0.1470173591188233	0.6462820694353761
>10	0.23290615150678737	1.5253025262477296
>50	0.0	0.0
>100	0.0	0.0
>500	0.0	0.0
>1k	0.0	0.0
>5k	0.0	0.0
>10k+	0.0	0.0
>>END_MODULE
>>Overrepresented sequences	pass
>>END_MODULE
>>Adapter Content	pass
#Position	Illumina Universal Adapter	Illumina Small RNA 3' Adapter	Illumina Small RNA 5' Adapter	Nextera Transposase Sequence	SOLID Small RNA Adapter
1	0.0	0.0	0.0	0.0	0.0
2	1.3650217676608734E-5	0.0	0.0	1.3650217676608734E-5	0.0
3	1.3650217676608734E-5	0.0	0.0	1.3650217676608734E-5	0.0
4	1.3650217676608734E-5	0.0	0.0	4.0950653029826204E-5	0.0
5	1.3650217676608734E-5	0.0	0.0	6.142597954473931E-5	0.0
6	1.3650217676608734E-5	0.0	0.0	6.825108838304368E-5	0.0
7	1.3650217676608734E-5	0.0	0.0	6.825108838304368E-5	0.0
8	1.3650217676608734E-5	0.0	0.0	9.555152373626114E-5	0.0
9	1.3650217676608734E-5	0.0	6.825108838304367E-6	1.0237663257456551E-4	0.0
10-11	4.0950653029826204E-5	0.0	6.825108838304367E-6	1.1261429583202205E-4	0.0
12-13	4.0950653029826204E-5	0.0	6.825108838304367E-6	1.3308962234693516E-4	0.0
14-15	5.460087070643494E-5	0.0	6.825108838304367E-6	1.5015239444269608E-4	0.0
16-17	7.848875164050023E-5	0.0	6.825108838304367E-6	1.5015239444269608E-4	0.0
18-19	9.555152373626114E-5	0.0	6.825108838304367E-6	1.6039005770015263E-4	0.0
20-21	1.2967706792778297E-4	0.0	6.825108838304367E-6	1.6380261211930482E-4	0.0
22-23	1.5697750328100044E-4	0.0	6.825108838304367E-6	1.8769049305337012E-4	0.0
24-25	1.9451560189167447E-4	0.0	6.825108838304367E-6	2.2522859166404413E-4	0.0
26-27	2.2522859166404413E-4	0.0	6.825108838304367E-6	2.59354135855566E-4	0.0
28-29	2.5594158143641375E-4	0.0	6.825108838304367E-6	2.764169079513269E-4	0.0
30-31	2.9689223446624E-4	0.0	6.825108838304367E-6	2.798294623704791E-4	0.0
32-33	3.1736756098115306E-4	0.0	6.825108838304367E-6	2.8324201678963127E-4	0.0
34-35	3.549056595918271E-4	0.0	6.825108838304367E-6	3.310177786577618E-4	0.0
36-37	3.7538098610674024E-4	0.0	6.825108838304367E-6	3.4125544191521834E-4	0.0
38-39	4.0950653029826203E-4	0.0	6.825108838304367E-6	3.6855587726843586E-4	0.0
40-41	4.675199554238492E-4	0.0	6.825108838304367E-6	3.8561864936419675E-4	0.0
42-43	5.323584893877406E-4	0.0	6.825108838304367E-6	4.231567479748708E-4	0.0
44-45	6.210849042856974E-4	0.0	6.825108838304367E-6	4.368069656514795E-4	0.0
46-47	7.200489824411107E-4	0.0	6.825108838304367E-6	4.368069656514795E-4	0.0
48-49	8.156005061773719E-4	0.0	6.825108838304367E-6	4.6069484658554477E-4	0.0
50-51	9.48690128524307E-4	0.0	6.825108838304367E-6	4.6410740100469696E-4	0.0
52-53	0.0011261429583202206	0.0	6.825108838304367E-6	4.845827275196101E-4	0.0
54-55	0.0013001832336969818	0.0	6.825108838304367E-6	5.050580540345231E-4	0.0
56-57	0.0014400979648822214	0.0	6.825108838304367E-6	5.152957172919798E-4	0.0
58-59	0.001580012696067461	0.0	6.825108838304367E-6	5.39183598226045E-4	0.0
60-61	0.0017165148728335482	0.0	6.825108838304367E-6	5.596589247409582E-4	0.0
62-63	0.0019007928114677664	0.0	6.825108838304367E-6	5.698965879984146E-4	0.0
64-65	0.0020987209677785926	0.0	6.825108838304367E-6	5.869593600941756E-4	0.0
66-67	0.0022829989064128108	0.0	6.825108838304367E-6	5.9378446893248E-4	0.0
68-69	0.00256282836878329	0.0	6.825108838304367E-6	6.210849042856974E-4	0.0
70-71	0.0028085322869622472	0.0	6.825108838304367E-6	6.415602308006105E-4	0.0
72-73	0.0031293124023625525	0.0	6.825108838304367E-6	6.825108838304367E-4	0.0
74-75	0.0036036574666247056	0.0	6.825108838304367E-6	6.995736559261977E-4	0.0
76-77	0.003992688670408055	0.0	6.825108838304367E-6	7.098113191836542E-4	0.0
78-79	0.00442267052722123	0.0	6.825108838304367E-6	7.23461536860263E-4	0.0
80-81	0.004948203907770666	0.0	6.825108838304367E-6	7.43936863375176E-4	0.0
82-83	0.005613652019505342	0.0	6.825108838304367E-6	7.575870810517847E-4	0.0
84-85	0.006422427416844409	0.0	6.825108838304367E-6	7.780624075666979E-4	0.0
86-87	0.007435956079332608	0.0	6.825108838304367E-6	7.848875164050023E-4	0.0
88-89	0.008497260503688937	0.0	6.825108838304367E-6	7.985377340816109E-4	0.0
90-91	0.009575627700141028	0.0	1.3650217676608734E-5	8.224256150156763E-4	0.0
92-93	0.01092358669570614	0.0	1.3650217676608734E-5	8.292507238539806E-4	0.0
94-95	0.012640101568539688	0.0	1.3650217676608734E-5	8.394883871114372E-4	0.0
96-97	0.014691046774450149	0.0	1.3650217676608734E-5	8.463134959497416E-4	0.0
98-99	0.017093485085533287	0.0	1.3650217676608734E-5	8.565511592071981E-4	0.0
100-101	0.019755277532471992	0.0	1.3650217676608734E-5	8.872641489795677E-4	0.0
102-103	0.022703724550619475	0.0	1.3650217676608734E-5	9.213896931710896E-4	0.0
104-105	0.026307382017244182	0.0	1.3650217676608734E-5	9.623403462009158E-4	0.0
106-107	0.030228407044850043	0.0	1.706277209576092E-5	9.691654550392202E-4	0.0
108-109	0.034521400504143485	0.0	2.0475326514913102E-5	9.82815672715829E-4	0.0
110-111	0.039288739027699096	0.0	2.0475326514913102E-5	9.896407815541332E-4	0.0
112-113	0.04466009968344463	0.0	2.0475326514913102E-5	0.001020353771326503	0.0
114-115	0.05075492187605043	0.0	2.0475326514913102E-5	0.001023766325745655	0.0
116-117	0.05733773935059499	0.0	2.0475326514913102E-5	0.0010340039890031115	0.0
118-119	0.06468496901502964	0.0	2.0475326514913102E-5	0.001057891869937177	0.0
120-121	0.07228472770648156	0.0	2.0475326514913102E-5	0.00107836719645209	0.0
122-123	0.08104475490044522	0.0	2.0475326514913102E-5	0.0011261429583202206	0.0
124-125	0.09045316743404777	0.0	2.0475326514913102E-5	0.0011363806215776771	0.0
126-127	0.10060892938544468	0.0	2.0475326514913102E-5	0.0011534433936734381	0.0
128-129	0.11111277188759511	0.0	2.0475326514913102E-5	0.0011636810569308946	3.4125544191521835E-6
130-131	0.12285537164389776	0.0	2.0475326514913102E-5	0.0011807438290266556	6.825108838304367E-6
132-133	0.13519516842355206	0.0	2.0475326514913102E-5	0.0012046317099607207	6.825108838304367E-6
134-135	0.14869523370571808	0.0	2.0475326514913102E-5	0.001208044264379873	6.825108838304367E-6
136-137	0.1631985899871149	0.0	2.0475326514913102E-5	0.0012182819276373297	6.825108838304367E-6
138-139	0.17829573073744415	0.0	2.0475326514913102E-5	0.0012387572541522427	6.825108838304367E-6
>>END_MODULE
